[gd_scene load_steps=26 format=2]

[ext_resource path="res://addons/zylann.hterrain/hterrain.gd" type="Script" id=1]
[ext_resource path="res://addons/zylann.hterrain/hterrain_texture_set.gd" type="Script" id=2]
[ext_resource path="res://terrain/data.hterrain" type="Resource" id=3]
[ext_resource path="res://art/ground_texture/grass/Grass004_1K_Color.jpg" type="Texture" id=4]
[ext_resource path="res://art/models/FBX/trees/tree.tscn" type="PackedScene" id=5]
[ext_resource path="res://art/models/glb/house1.tscn" type="PackedScene" id=6]
[ext_resource path="res://art/ground_texture/rocks/Rocks007_1K_Color.jpg" type="Texture" id=7]
[ext_resource path="res://art/ground_texture/dirt/Ground023_1K_Color.jpg" type="Texture" id=8]
[ext_resource path="res://art/ground_texture/grassmix/Ground037_1K_Color.jpg" type="Texture" id=9]
[ext_resource path="res://Main.gd" type="Script" id=11]
[ext_resource path="res://Mob.tscn" type="PackedScene" id=12]
[ext_resource path="res://Camera.gd" type="Script" id=14]
[ext_resource path="res://fonts/Montserrat-Medium.ttf" type="DynamicFontData" id=15]
[ext_resource path="res://ScoreLabel.gd" type="Script" id=16]
[ext_resource path="res://Player.gd" type="Script" id=17]
[ext_resource path="res://farmer_walk_idle_lasso.tscn" type="PackedScene" id=18]

[sub_resource type="Shader" id=9]
code = "shader_type spatial;

// This is a shader with less textures, in case the main one doesn't run on your GPU.
// It's mostly a big copy/paste, because Godot doesn't support #include or #ifdef...
render_mode vertex_lighting, skip_vertex_transform, 
			specular_phong, diffuse_lambert_wrap;

uniform sampler2D albedo: hint_black_albedo;
uniform sampler2D specular: hint_black;
uniform sampler2D emission: hint_black;
uniform sampler2D u_terrain_heightmap;
uniform sampler2D u_terrain_normalmap;
// I had to remove `hint_albedo` from colormap because it makes sRGB conversion kick in,
// which snowballs to black when doing GPU painting on that texture...
uniform sampler2D u_terrain_colormap;// : hint_albedo;
uniform sampler2D u_terrain_splatmap;
uniform mat4 u_terrain_inverse_transform;
uniform mat3 u_terrain_normal_basis;

uniform sampler2D u_ground_albedo_bump_0 : hint_albedo;
uniform sampler2D u_ground_albedo_bump_1 : hint_albedo;
uniform sampler2D u_ground_albedo_bump_2 : hint_albedo;
uniform sampler2D u_ground_albedo_bump_3 : hint_albedo;

uniform float u_ground_uv_scale = 20.0;
uniform bool u_depth_blending = true;
uniform bool u_triplanar = false;
// Each component corresponds to a ground texture. Set greater than zero to enable.
uniform vec4 u_tile_reduction = vec4(0.0, 0.0, 0.0, 0.0);

varying vec4 v_tint;
varying vec4 v_splat;
varying vec3 v_ground_uv;


vec3 unpack_normal(vec4 rgba) {
	vec3 n = rgba.xzy * 2.0 - vec3(1.0);
	// Had to negate Z because it comes from Y in the normal map,
	// and OpenGL-style normal maps are Y-up.
	n.z *= -1.0;
	return n;
}

// Blends weights according to the bump of detail textures,
// so for example it allows to have sand fill the gaps between pebbles
vec4 get_depth_blended_weights(vec4 splat, vec4 bumps) {
	float dh = 0.2;

	vec4 h = bumps + splat;
	
	// TODO Keep improving multilayer blending, there are still some edge cases...
	// Mitigation: nullify layers with near-zero splat
	h *= smoothstep(0, 0.05, splat);
	
	vec4 d = h + dh;
	d.r -= max(h.g, max(h.b, h.a));
	d.g -= max(h.r, max(h.b, h.a));
	d.b -= max(h.g, max(h.r, h.a));
	d.a -= max(h.g, max(h.b, h.r));
	
	return clamp(d, 0, 1);
}

vec3 get_triplanar_blend(vec3 world_normal) {
	vec3 blending = abs(world_normal);
	blending = normalize(max(blending, vec3(0.00001))); // Force weights to sum to 1.0
	float b = blending.x + blending.y + blending.z;
	return blending / vec3(b, b, b);
}

vec4 texture_triplanar(sampler2D tex, vec3 world_pos, vec3 blend) {
	vec4 xaxis = texture(tex, world_pos.yz);
	vec4 yaxis = texture(tex, world_pos.xz);
	vec4 zaxis = texture(tex, world_pos.xy);
	// blend the results of the 3 planar projections.
	return xaxis * blend.x + yaxis * blend.y + zaxis * blend.z;
}

vec4 depth_blend2(vec4 a, vec4 b, float t) {
	// https://www.gamasutra.com
	// /blogs/AndreyMishkinis/20130716/196339/Advanced_Terrain_Texture_Splatting.php
	float d = 0.1;
	float ma = max(a.a + (1.0 - t), b.a + t) - d;
	float ba = max(a.a + (1.0 - t) - ma, 0.0);
	float bb = max(b.a + t - ma, 0.0);
	return (a * ba + b * bb) / (ba + bb);
}

vec4 texture_antitile(sampler2D tex, vec2 uv) {
	float frequency = 2.0;
	float scale = 1.3;
	float sharpness = 0.7;
	
	// Rotate and scale UV
	float rot = 3.14 * 0.6;
	float cosa = cos(rot);
	float sina = sin(rot);
	vec2 uv2 = vec2(cosa * uv.x - sina * uv.y, sina * uv.x + cosa * uv.y) * scale;
	
	vec4 col0 = texture(tex, uv);
	vec4 col1 = texture(tex, uv2);
	//col0 = vec4(0.0, 0.0, 1.0, 1.0);
	// Periodically alternate between the two versions using a warped checker pattern
	float t = 0.5 + 0.5 
		* sin(uv2.x * frequency + sin(uv.x) * 2.0) 
		* cos(uv2.y * frequency + sin(uv.y) * 2.0);
	// Using depth blend because classic alpha blending smoothes out details
	return depth_blend2(col0, col1, smoothstep(0.5 * sharpness, 1.0 - 0.5 * sharpness, t));
}
uniform float jitter: hint_range(0.0, 1.0) = 0.5;
uniform bool jitter_z_coordinate = true;
uniform bool jitter_depth_independent = true;
uniform bool affine_texture_mapping = true;
uniform float alpha_scissor: hint_range(0.0, 1.0) = 1.0;

void vertex() {
	VERTEX = (MODELVIEW_MATRIX * vec4(VERTEX, 1.0)).xyz;
	
	float z_orig = VERTEX.z;
	float i = (1.0 - jitter) * min(VIEWPORT_SIZE.x, VIEWPORT_SIZE.y) / 2.0;
	
	if (jitter_depth_independent) {
		float w = (PROJECTION_MATRIX * vec4(VERTEX, 1.0)).w;
		VERTEX = round(VERTEX / w * i) / i * w;
	} else {
		VERTEX = round(VERTEX * i) / i;
	}
	
	if (!jitter_z_coordinate) {
		VERTEX.z = z_orig;
	}

	if (affine_texture_mapping) {
		UV *= VERTEX.z;
	}
	vec2 cell_coords = (u_terrain_inverse_transform * WORLD_MATRIX * vec4(VERTEX, 1)).xz;
	// Must add a half-offset so that we sample the center of pixels,
	// otherwise bilinear filtering of the textures will give us mixed results.
	cell_coords += vec2(0.5);

	// Normalized UV
	UV = cell_coords / vec2(textureSize(u_terrain_heightmap, 0));
	
	// Height displacement
	float h = texture(u_terrain_heightmap, UV).r;
	VERTEX.y = h;

	v_ground_uv = vec3(cell_coords.x, h * WORLD_MATRIX[1][1], cell_coords.y) / u_ground_uv_scale;
	
	// Putting this in vertex saves 2 fetches from the fragment shader,
	// which is good for performance at a negligible quality cost,
	// provided that geometry is a regular grid that decimates with LOD.
	// (downside is LOD will also decimate tint and splat, but it's not bad overall)
	v_tint = texture(u_terrain_colormap, UV);
	v_splat = texture(u_terrain_splatmap, UV);
	
	// Need to use u_terrain_normal_basis to handle scaling.
	NORMAL = u_terrain_normal_basis * unpack_normal(texture(u_terrain_normalmap, UV));
}

void fragment() {
	vec2 uv = UV;
	
	if (affine_texture_mapping) {
		uv /= VERTEX.z;
	}
	
	ALBEDO = texture(albedo, uv).rgb;
	ALPHA = texture(albedo, uv).a;
	ALPHA_SCISSOR = alpha_scissor;
	EMISSION = texture(emission, uv).rgb;
	SPECULAR = texture(specular, uv).r;
	if (v_tint.a < 0.5) {
		// TODO Add option to use vertex discarding instead, using NaNs
		discard;
	}
	
	vec3 terrain_normal_world = 
		u_terrain_normal_basis * unpack_normal(texture(u_terrain_normalmap, UV));
	terrain_normal_world = normalize(terrain_normal_world);

	// TODO Detail should only be rasterized on nearby chunks (needs proximity management to switch shaders)
	
	vec2 ground_uv = v_ground_uv.xz;
	
	vec4 ab0, ab1, ab2, ab3;
	if (u_triplanar) {
		// Only do triplanar on one texture slot,
		// because otherwise it would be very expensive and cost many more ifs.
		// I chose the last slot because first slot is the default on new splatmaps,
		// and that's a feature used for cliffs, which are usually designed later.

		vec3 blending = get_triplanar_blend(terrain_normal_world);

		ab3 = texture_triplanar(u_ground_albedo_bump_3, v_ground_uv, blending);

	} else {
		if (u_tile_reduction[3] > 0.0) {
			ab3 = texture(u_ground_albedo_bump_3, ground_uv);
		} else {
			ab3 = texture_antitile(u_ground_albedo_bump_3, ground_uv);
		}
	}
	
	if (u_tile_reduction[0] > 0.0) {
		ab0 = texture_antitile(u_ground_albedo_bump_0, ground_uv);
	} else {
		ab0 = texture(u_ground_albedo_bump_0, ground_uv);
	}
	if (u_tile_reduction[1] > 0.0) {
		ab1 = texture_antitile(u_ground_albedo_bump_1, ground_uv);
	} else {
		ab1 = texture(u_ground_albedo_bump_1, ground_uv);
	}
	if (u_tile_reduction[2] > 0.0) {
		ab2 = texture_antitile(u_ground_albedo_bump_2, ground_uv);
	} else {
		ab2 = texture(u_ground_albedo_bump_2, ground_uv);
	}
	
	vec3 col0 = ab0.rgb;
	vec3 col1 = ab1.rgb;
	vec3 col2 = ab2.rgb;
	vec3 col3 = ab3.rgb;
	
	vec4 w;
	// TODO An #ifdef macro would be nice! Or copy/paste everything in a different shader...
	if (u_depth_blending) {
		w = get_depth_blended_weights(v_splat, vec4(ab0.a, ab1.a, ab2.a, ab3.a));
	} else {
		w = v_splat.rgba;
	}
	
	float w_sum = (w.r + w.g + w.b + w.a);
	
	ALBEDO = v_tint.rgb * (
		w.r * col0.rgb + 
		w.g * col1.rgb + 
		w.b * col2.rgb + 
		w.a * col3.rgb) / w_sum;
	
	ROUGHNESS = 1.0;
	
	NORMAL = (INV_CAMERA_MATRIX * (vec4(terrain_normal_world, 0.0))).xyz;

	//ALBEDO = w.rgb;
	//ALBEDO = v_ground_uv.xyz;
}

"

[sub_resource type="Resource" id=1]
script = ExtResource( 2 )
mode = 0
textures = [ [ ExtResource( 4 ), ExtResource( 8 ), ExtResource( 9 ), ExtResource( 7 ) ], [ ExtResource( 8 ), ExtResource( 8 ), ExtResource( 9 ), null ] ]

[sub_resource type="CylinderMesh" id=2]

[sub_resource type="SpatialMaterial" id=3]
albedo_color = Color( 1, 0, 0.329412, 1 )

[sub_resource type="DynamicFont" id=5]
size = 22
font_data = ExtResource( 15 )

[sub_resource type="Theme" id=6]
default_font = SubResource( 5 )

[sub_resource type="BoxShape" id=7]
extents = Vector3( 50, 7.731, 2.129 )

[sub_resource type="CylinderShape" id=8]

[sub_resource type="Curve3D" id=10]
_data = {
"points": PoolVector3Array( 0, 0, 0, 0, 0, 0, 74.0139, 0, 57.6842, 0, 0, 0, 0, 0, 0, 138.225, 0, 55.7186, 0, 0, 0, 0, 0, 0, 141.501, 0, 112.395, 0, 0, 0, 0, 0, 0, 74.3415, 0, 115.671, 0, 0, 0, 0, 0, 0, 74.0139, 0, 57.6842 ),
"tilts": PoolRealArray( 0, 0, 0, 0, 0 )
}

[node name="Main" type="Spatial"]
script = ExtResource( 11 )
mob_scene = ExtResource( 12 )

[node name="Ground" type="Spatial" parent="."]
script = ExtResource( 1 )
lod_scale = 2.0
map_scale = Vector3( 0.4, 1, 0.3 )
_terrain_data = ExtResource( 3 )
chunk_size = 32
collision_enabled = true
collision_layer = 4
collision_mask = 0
shader_type = "Classic4Lite"
custom_shader = SubResource( 9 )
custom_globalmap_shader = null
texture_set = SubResource( 1 )
render_layers = 1
shader_params/u_ground_uv_scale = 20
shader_params/u_depth_blending = true
shader_params/u_triplanar = false
shader_params/u_tile_reduction = Plane( 0, 0, 0, 0 )

[node name="tree09" parent="." instance=ExtResource( 5 )]
transform = Transform( 0.963462, 0, 0.267844, 0, 1, 0, -0.267844, 0, 0.963462, 106.23, 0, 53.3016 )

[node name="tree08" parent="tree09" instance=ExtResource( 5 )]
transform = Transform( 1, 0, 0, 0, 1, 0, 0, 0, 1, 18.7496, 0, 8.24558 )

[node name="tree09" parent="tree09" instance=ExtResource( 5 )]
transform = Transform( 1, 0, 0, 0, 1, 0, 0, 0, 1, 22.1867, 0, 11.0381 )

[node name="tree10" parent="tree09" instance=ExtResource( 5 )]
transform = Transform( 1, 0, 0, 0, 1, 0, 0, 0, 1, 22.6441, 0, 9.39291 )

[node name="tree11" parent="tree09" instance=ExtResource( 5 )]
transform = Transform( 1, 0, 0, 0, 1, 0, 0, 0, 1, 22.4801, 0, 9.28268 )

[node name="tree12" parent="tree09" instance=ExtResource( 5 )]
transform = Transform( 1, 0, 0, 0, 1, 0, 0, 0, 1, 25.9172, 0, 12.0752 )

[node name="tree13" parent="tree09" instance=ExtResource( 5 )]
transform = Transform( 1, 0, 0, 0, 1, 0, 0, 0, 1, 26.3746, 0, 10.43 )

[node name="tree14" parent="tree09" instance=ExtResource( 5 )]
transform = Transform( 1, 0, 0, 0, 1, 0, 0, 0, 1, 26.3971, 0, 10.3716 )

[node name="tree15" parent="tree09" instance=ExtResource( 5 )]
transform = Transform( 1, 0, 0, 0, 1, 0, 0, 0, 1, 29.8341, 0, 13.1641 )

[node name="tree16" parent="tree09" instance=ExtResource( 5 )]
transform = Transform( 1, 0, 0, 0, 1, 0, 0, 0, 1, 30.2915, 0, 11.5189 )

[node name="tree17" parent="tree09" instance=ExtResource( 5 )]
transform = Transform( 1, 0, 0, 0, 1, 0, 0, 0, 1, 27.2928, 0, 7.14938 )

[node name="tree18" parent="tree09" instance=ExtResource( 5 )]
transform = Transform( 1, 0, 0, 0, 1, 0, 0, 0, 1, 30.7299, 0, 9.94189 )

[node name="tree19" parent="tree09" instance=ExtResource( 5 )]
transform = Transform( 1, 0, 0, 0, 1, 0, 0, 0, 1, 31.1873, 0, 8.29671 )

[node name="tree20" parent="tree09" instance=ExtResource( 5 )]
transform = Transform( 1, 0, 0, 0, 1, 0, 0, 0, 1, 28.3683, 0, 10.9196 )

[node name="tree21" parent="tree09" instance=ExtResource( 5 )]
transform = Transform( 1, 0, 0, 0, 1, 0, 0, 0, 1, 31.8054, 0, 13.7121 )

[node name="tree22" parent="tree09" instance=ExtResource( 5 )]
transform = Transform( 1, 0, 0, 0, 1, 0, 0, 0, 1, 32.2627, 0, 12.0669 )

[node name="tree23" parent="tree09" instance=ExtResource( 5 )]
transform = Transform( 1, 0, 0, 0, 1, 0, 0, 0, 1, 32.0988, 0, 11.9567 )

[node name="tree24" parent="tree09" instance=ExtResource( 5 )]
transform = Transform( 1, 0, 0, 0, 1, 0, 0, 0, 1, 35.5359, 0, 14.7492 )

[node name="tree25" parent="tree09" instance=ExtResource( 5 )]
transform = Transform( 1, 0, 0, 0, 1, 0, 0, 0, 1, 35.9933, 0, 13.104 )

[node name="tree26" parent="tree09" instance=ExtResource( 5 )]
transform = Transform( 1, 0, 0, 0, 1, 0, 0, 0, 1, 36.0158, 0, 13.0456 )

[node name="tree27" parent="tree09" instance=ExtResource( 5 )]
transform = Transform( 1, 0, 0, 0, 1, 0, 0, 0, 1, 39.4528, 0, 15.8381 )

[node name="tree28" parent="tree09" instance=ExtResource( 5 )]
transform = Transform( 1, 0, 0, 0, 1, 0, 0, 0, 1, 39.9102, 0, 14.193 )

[node name="tree29" parent="tree09" instance=ExtResource( 5 )]
transform = Transform( 1, 0, 0, 0, 1, 0, 0, 0, 1, 36.9115, 0, 9.8234 )

[node name="tree30" parent="tree09" instance=ExtResource( 5 )]
transform = Transform( 1, 0, 0, 0, 1, 0, 0, 0, 1, 40.3486, 0, 12.6159 )

[node name="tree31" parent="tree09" instance=ExtResource( 5 )]
transform = Transform( 1, 0, 0, 0, 1, 0, 0, 0, 1, 40.806, 0, 10.9707 )

[node name="tree32" parent="tree09" instance=ExtResource( 5 )]
transform = Transform( 1, 0, 0, 0, 1, 0, 0, 0, 1, 12.0343, 0, 0.930954 )

[node name="tree33" parent="tree09" instance=ExtResource( 5 )]
transform = Transform( 1, 0, 0, 0, 1, 0, 0, 0, 1, 15.4714, 0, 3.72348 )

[node name="tree34" parent="tree09" instance=ExtResource( 5 )]
transform = Transform( 1, 0, 0, 0, 1, 0, 0, 0, 1, 15.9288, 0, 2.07829 )

[node name="tree35" parent="tree09" instance=ExtResource( 5 )]
transform = Transform( 1, 0, 0, 0, 1, 0, 0, 0, 1, 15.7648, 0, 1.96804 )

[node name="tree36" parent="tree09" instance=ExtResource( 5 )]
transform = Transform( 1, 0, 0, 0, 1, 0, 0, 0, 1, 19.2019, 0, 4.76057 )

[node name="tree37" parent="tree09" instance=ExtResource( 5 )]
transform = Transform( 1, 0, 0, 0, 1, 0, 0, 0, 1, 19.6593, 0, 3.11538 )

[node name="tree38" parent="tree09" instance=ExtResource( 5 )]
transform = Transform( 1, 0, 0, 0, 1, 0, 0, 0, 1, 19.6818, 0, 3.05697 )

[node name="tree39" parent="tree09" instance=ExtResource( 5 )]
transform = Transform( 1, 0, 0, 0, 1, 0, 0, 0, 1, 23.1188, 0, 5.84949 )

[node name="tree40" parent="tree09" instance=ExtResource( 5 )]
transform = Transform( 1, 0, 0, 0, 1, 0, 0, 0, 1, 23.5762, 0, 4.20431 )

[node name="tree41" parent="tree09" instance=ExtResource( 5 )]
transform = Transform( 1, 0, 0, 0, 1, 0, 0, 0, 1, 20.5775, 0, -0.165245 )

[node name="tree42" parent="tree09" instance=ExtResource( 5 )]
transform = Transform( 1, 0, 0, 0, 1, 0, 0, 0, 1, 24.0146, 0, 2.62727 )

[node name="tree43" parent="tree09" instance=ExtResource( 5 )]
transform = Transform( 1, 0, 0, 0, 1, 0, 0, 0, 1, 24.472, 0, 0.982094 )

[node name="tree44" parent="tree09" instance=ExtResource( 5 )]
transform = Transform( 1, 0, 0, 0, 1, 0, 0, 0, 1, 21.653, 0, 3.60496 )

[node name="tree45" parent="tree09" instance=ExtResource( 5 )]
transform = Transform( 1, 0, 0, 0, 1, 0, 0, 0, 1, 25.0901, 0, 6.3975 )

[node name="tree46" parent="tree09" instance=ExtResource( 5 )]
transform = Transform( 1, 0, 0, 0, 1, 0, 0, 0, 1, 25.5474, 0, 4.7523 )

[node name="tree47" parent="tree09" instance=ExtResource( 5 )]
transform = Transform( 1, 0, 0, 0, 1, 0, 0, 0, 1, 25.3835, 0, 4.64205 )

[node name="tree48" parent="tree09" instance=ExtResource( 5 )]
transform = Transform( 1, 0, 0, 0, 1, 0, 0, 0, 1, 28.8206, 0, 7.43458 )

[node name="tree49" parent="tree09" instance=ExtResource( 5 )]
transform = Transform( 1, 0, 0, 0, 1, 0, 0, 0, 1, 29.278, 0, 5.78939 )

[node name="tree50" parent="tree09" instance=ExtResource( 5 )]
transform = Transform( 1, 0, 0, 0, 1, 0, 0, 0, 1, 29.3005, 0, 5.731 )

[node name="tree51" parent="tree09" instance=ExtResource( 5 )]
transform = Transform( 1, 0, 0, 0, 1, 0, 0, 0, 1, 32.7375, 0, 8.52351 )

[node name="tree52" parent="tree09" instance=ExtResource( 5 )]
transform = Transform( 1, 0, 0, 0, 1, 0, 0, 0, 1, 33.1949, 0, 6.87833 )

[node name="tree53" parent="tree09" instance=ExtResource( 5 )]
transform = Transform( 1, 0, 0, 0, 1, 0, 0, 0, 1, 30.1962, 0, 2.50878 )

[node name="tree54" parent="tree09" instance=ExtResource( 5 )]
transform = Transform( 1, 0, 0, 0, 1, 0, 0, 0, 1, 33.6333, 0, 5.30129 )

[node name="tree55" parent="tree09" instance=ExtResource( 5 )]
transform = Transform( 1, 0, 0, 0, 1, 0, 0, 0, 1, 34.0907, 0, 3.65611 )

[node name="tree56" parent="tree09" instance=ExtResource( 5 )]
transform = Transform( 0.348736, 0, -0.937221, 0, 1, 0, 0.937221, 0, 0.348736, 35.1243, 0, 6.81062 )

[node name="tree57" parent="tree09" instance=ExtResource( 5 )]
transform = Transform( 0.348736, 0, -0.937221, 0, 1, 0, 0.937221, 0, 0.348736, 33.7057, 0, 11.0058 )

[node name="tree58" parent="tree09" instance=ExtResource( 5 )]
transform = Transform( 0.348736, 0, -0.937221, 0, 1, 0, 0.937221, 0, 0.348736, 35.4071, 0, 10.8607 )

[node name="tree59" parent="tree09" instance=ExtResource( 5 )]
transform = Transform( 0.348736, 0, -0.937221, 0, 1, 0, 0.937221, 0, 0.348736, 35.4533, 0, 10.6686 )

[node name="tree60" parent="tree09" instance=ExtResource( 5 )]
transform = Transform( 0.348736, 0, -0.937221, 0, 1, 0, 0.937221, 0, 0.348736, 34.0347, 0, 14.8638 )

[node name="tree61" parent="tree09" instance=ExtResource( 5 )]
transform = Transform( 0.348736, 0, -0.937221, 0, 1, 0, 0.937221, 0, 0.348736, 35.7361, 0, 14.7187 )

[node name="tree62" parent="tree09" instance=ExtResource( 5 )]
transform = Transform( 0.348736, 0, -0.937221, 0, 1, 0, 0.937221, 0, 0.348736, 35.7987, 0, 14.7194 )

[node name="tree63" parent="tree09" instance=ExtResource( 5 )]
transform = Transform( 0.348736, 0, -0.937221, 0, 1, 0, 0.937221, 0, 0.348736, 34.3801, 0, 18.9145 )

[node name="tree64" parent="tree09" instance=ExtResource( 5 )]
transform = Transform( 0.348736, 0, -0.937221, 0, 1, 0, 0.937221, 0, 0.348736, 36.0816, 0, 18.7695 )

[node name="tree65" parent="tree09" instance=ExtResource( 5 )]
transform = Transform( 0.348736, 0, -0.937221, 0, 1, 0, 0.937221, 0, 0.348736, 39.131, 0, 14.4352 )

[node name="tree66" parent="tree09" instance=ExtResource( 5 )]
transform = Transform( 0.348736, 0, -0.937221, 0, 1, 0, 0.937221, 0, 0.348736, 37.7125, 0, 18.6304 )

[node name="tree67" parent="tree09" instance=ExtResource( 5 )]
transform = Transform( 0.348736, 0, -0.937221, 0, 1, 0, 0.937221, 0, 0.348736, 39.4139, 0, 18.4853 )

[node name="tree68" parent="tree09" instance=ExtResource( 5 )]
transform = Transform( 0.348736, 0, -0.937221, 0, 1, 0, 0.937221, 0, 0.348736, 35.9726, 0, 16.758 )

[node name="tree69" parent="tree09" instance=ExtResource( 5 )]
transform = Transform( 0.348736, 0, -0.937221, 0, 1, 0, 0.937221, 0, 0.348736, 34.554, 0, 20.9532 )

[node name="tree70" parent="tree09" instance=ExtResource( 5 )]
transform = Transform( 0.348736, 0, -0.937221, 0, 1, 0, 0.937221, 0, 0.348736, 36.2554, 0, 20.8081 )

[node name="tree71" parent="tree09" instance=ExtResource( 5 )]
transform = Transform( 0.348736, 0, -0.937221, 0, 1, 0, 0.937221, 0, 0.348736, 36.3016, 0, 20.616 )

[node name="tree72" parent="tree09" instance=ExtResource( 5 )]
transform = Transform( 0.348736, 0, -0.937221, 0, 1, 0, 0.937221, 0, 0.348736, 34.8829, 0, 24.8111 )

[node name="tree73" parent="tree09" instance=ExtResource( 5 )]
transform = Transform( 0.348736, 0, -0.937221, 0, 1, 0, 0.937221, 0, 0.348736, 36.5844, 0, 24.6661 )

[node name="tree74" parent="tree09" instance=ExtResource( 5 )]
transform = Transform( 0.348736, 0, -0.937221, 0, 1, 0, 0.937221, 0, 0.348736, 36.6469, 0, 24.6668 )

[node name="tree75" parent="tree09" instance=ExtResource( 5 )]
transform = Transform( 0.348736, 0, -0.937221, 0, 1, 0, 0.937221, 0, 0.348736, 35.2284, 0, 28.8619 )

[node name="tree76" parent="tree09" instance=ExtResource( 5 )]
transform = Transform( 0.348736, 0, -0.937221, 0, 1, 0, 0.937221, 0, 0.348736, 36.9298, 0, 28.7169 )

[node name="tree77" parent="tree09" instance=ExtResource( 5 )]
transform = Transform( 0.348736, 0, -0.937221, 0, 1, 0, 0.937221, 0, 0.348736, 39.9793, 0, 24.3826 )

[node name="tree78" parent="tree09" instance=ExtResource( 5 )]
transform = Transform( 0.348736, 0, -0.937221, 0, 1, 0, 0.937221, 0, 0.348736, 38.5607, 0, 28.5778 )

[node name="tree79" parent="tree09" instance=ExtResource( 5 )]
transform = Transform( 0.348736, 0, -0.937221, 0, 1, 0, 0.937221, 0, 0.348736, 40.2621, 0, 28.4327 )

[node name="tree80" parent="tree09" instance=ExtResource( 5 )]
transform = Transform( 0.114504, 0, -0.993423, 0, 1, 0, 0.993423, 0, 0.114504, 32.5442, 0, 26.1315 )

[node name="tree81" parent="tree09" instance=ExtResource( 5 )]
transform = Transform( 0.114504, 0, -0.993423, 0, 1, 0, 0.993423, 0, 0.114504, 30.1636, 0, 29.8658 )

[node name="tree82" parent="tree09" instance=ExtResource( 5 )]
transform = Transform( 0.114504, 0, -0.993423, 0, 1, 0, 0.993423, 0, 0.114504, 31.8503, 0, 30.1317 )

[node name="tree83" parent="tree09" instance=ExtResource( 5 )]
transform = Transform( 0.114504, 0, -0.993423, 0, 1, 0, 0.993423, 0, 0.114504, 31.9411, 0, 29.9563 )

[node name="tree84" parent="tree09" instance=ExtResource( 5 )]
transform = Transform( 0.114504, 0, -0.993423, 0, 1, 0, 0.993423, 0, 0.114504, 29.5605, 0, 33.6905 )

[node name="tree85" parent="tree09" instance=ExtResource( 5 )]
transform = Transform( 0.114504, 0, -0.993423, 0, 1, 0, 0.993423, 0, 0.114504, 31.2472, 0, 33.9565 )

[node name="tree86" parent="tree09" instance=ExtResource( 5 )]
transform = Transform( 0.114504, 0, -0.993423, 0, 1, 0, 0.993423, 0, 0.114504, 31.3078, 0, 33.9721 )

[node name="tree87" parent="tree09" instance=ExtResource( 5 )]
transform = Transform( 0.114504, 0, -0.993423, 0, 1, 0, 0.993423, 0, 0.114504, 28.9272, 0, 37.7063 )

[node name="tree88" parent="tree09" instance=ExtResource( 5 )]
transform = Transform( 0.114504, 0, -0.993423, 0, 1, 0, 0.993423, 0, 0.114504, 30.614, 0, 37.9724 )

[node name="tree89" parent="tree09" instance=ExtResource( 5 )]
transform = Transform( 0.114504, 0, -0.993423, 0, 1, 0, 0.993423, 0, 0.114504, 34.6114, 0, 34.493 )

[node name="tree90" parent="tree09" instance=ExtResource( 5 )]
transform = Transform( 0.114504, 0, -0.993423, 0, 1, 0, 0.993423, 0, 0.114504, 32.2308, 0, 38.2273 )

[node name="tree91" parent="tree09" instance=ExtResource( 5 )]
transform = Transform( 0.114504, 0, -0.993423, 0, 1, 0, 0.993423, 0, 0.114504, 33.9176, 0, 38.4933 )

[node name="tree92" parent="tree09" instance=ExtResource( 5 )]
transform = Transform( 0.114504, 0, -0.993423, 0, 1, 0, 0.993423, 0, 0.114504, 30.9891, 0, 35.9932 )

[node name="tree93" parent="tree09" instance=ExtResource( 5 )]
transform = Transform( 0.114504, 0, -0.993423, 0, 1, 0, 0.993423, 0, 0.114504, 28.6085, 0, 39.7274 )

[node name="tree94" parent="tree09" instance=ExtResource( 5 )]
transform = Transform( 0.114504, 0, -0.993423, 0, 1, 0, 0.993423, 0, 0.114504, 30.2953, 0, 39.9933 )

[node name="tree95" parent="tree09" instance=ExtResource( 5 )]
transform = Transform( 0.114504, 0, -0.993423, 0, 1, 0, 0.993423, 0, 0.114504, 30.3861, 0, 39.8179 )

[node name="tree96" parent="tree09" instance=ExtResource( 5 )]
transform = Transform( 0.114504, 0, -0.993423, 0, 1, 0, 0.993423, 0, 0.114504, 28.0054, 0, 43.5521 )

[node name="tree97" parent="tree09" instance=ExtResource( 5 )]
transform = Transform( 0.114504, 0, -0.993423, 0, 1, 0, 0.993423, 0, 0.114504, 29.6922, 0, 43.8181 )

[node name="tree98" parent="tree09" instance=ExtResource( 5 )]
transform = Transform( 0.114504, 0, -0.993423, 0, 1, 0, 0.993423, 0, 0.114504, 29.7527, 0, 43.8338 )

[node name="tree99" parent="tree09" instance=ExtResource( 5 )]
transform = Transform( 0.114504, 0, -0.993423, 0, 1, 0, 0.993423, 0, 0.114504, 27.3722, 0, 47.568 )

[node name="tree100" parent="tree09" instance=ExtResource( 5 )]
transform = Transform( 0.114504, 0, -0.993423, 0, 1, 0, 0.993423, 0, 0.114504, 29.0589, 0, 47.834 )

[node name="tree101" parent="tree09" instance=ExtResource( 5 )]
transform = Transform( 0.114504, 0, -0.993423, 0, 1, 0, 0.993423, 0, 0.114504, 33.0563, 0, 44.3547 )

[node name="tree102" parent="tree09" instance=ExtResource( 5 )]
transform = Transform( 0.114504, 0, -0.993423, 0, 1, 0, 0.993423, 0, 0.114504, 30.6758, 0, 48.0889 )

[node name="tree103" parent="tree09" instance=ExtResource( 5 )]
transform = Transform( 0.114504, 0, -0.993423, 0, 1, 0, 0.993423, 0, 0.114504, 32.3625, 0, 48.3549 )

[node name="tree104" parent="tree09" instance=ExtResource( 5 )]
transform = Transform( -0.110341, 0, -0.993894, 0, 1, 0, 0.993894, 0, -0.110341, 29.8097, 0, 45.3708 )

[node name="tree105" parent="tree09" instance=ExtResource( 5 )]
transform = Transform( -0.110341, 0, -0.993894, 0, 1, 0, 0.993894, 0, -0.110341, 26.655, 0, 48.4788 )

[node name="tree106" parent="tree09" instance=ExtResource( 5 )]
transform = Transform( -0.110341, 0, -0.993894, 0, 1, 0, 0.993894, 0, -0.110341, 28.2397, 0, 49.1149 )

[node name="tree107" parent="tree09" instance=ExtResource( 5 )]
transform = Transform( -0.110341, 0, -0.993894, 0, 1, 0, 0.993894, 0, -0.110341, 28.3674, 0, 48.9642 )

[node name="tree108" parent="tree09" instance=ExtResource( 5 )]
transform = Transform( -0.110341, 0, -0.993894, 0, 1, 0, 0.993894, 0, -0.110341, 25.2126, 0, 52.0721 )

[node name="tree109" parent="tree09" instance=ExtResource( 5 )]
transform = Transform( -0.110341, 0, -0.993894, 0, 1, 0, 0.993894, 0, -0.110341, 26.7973, 0, 52.7083 )

[node name="tree110" parent="tree09" instance=ExtResource( 5 )]
transform = Transform( -0.110341, 0, -0.993894, 0, 1, 0, 0.993894, 0, -0.110341, 26.8529, 0, 52.7371 )

[node name="tree111" parent="tree09" instance=ExtResource( 5 )]
transform = Transform( -0.110341, 0, -0.993894, 0, 1, 0, 0.993894, 0, -0.110341, 23.6982, 0, 55.845 )

[node name="tree112" parent="tree09" instance=ExtResource( 5 )]
transform = Transform( -0.110341, 0, -0.993894, 0, 1, 0, 0.993894, 0, -0.110341, 25.2828, 0, 56.4811 )

[node name="tree113" parent="tree09" instance=ExtResource( 5 )]
transform = Transform( -0.110341, 0, -0.993894, 0, 1, 0, 0.993894, 0, -0.110341, 29.9566, 0, 53.9828 )

[node name="tree114" parent="tree09" instance=ExtResource( 5 )]
transform = Transform( -0.110341, 0, -0.993894, 0, 1, 0, 0.993894, 0, -0.110341, 26.8019, 0, 57.0909 )

[node name="tree115" parent="tree09" instance=ExtResource( 5 )]
transform = Transform( -0.110341, 0, -0.993894, 0, 1, 0, 0.993894, 0, -0.110341, 28.3865, 0, 57.727 )

[node name="tree116" parent="tree09" instance=ExtResource( 5 )]
transform = Transform( -0.110341, 0, -0.993894, 0, 1, 0, 0.993894, 0, -0.110341, 26.0907, 0, 54.6358 )

[node name="tree117" parent="tree09" instance=ExtResource( 5 )]
transform = Transform( -0.110341, 0, -0.993894, 0, 1, 0, 0.993894, 0, -0.110341, 22.9359, 0, 57.7437 )

[node name="tree118" parent="tree09" instance=ExtResource( 5 )]
transform = Transform( -0.110341, 0, -0.993894, 0, 1, 0, 0.993894, 0, -0.110341, 24.5206, 0, 58.3798 )

[node name="tree119" parent="tree09" instance=ExtResource( 5 )]
transform = Transform( -0.110341, 0, -0.993894, 0, 1, 0, 0.993894, 0, -0.110341, 24.6483, 0, 58.2291 )

[node name="tree120" parent="tree09" instance=ExtResource( 5 )]
transform = Transform( -0.110341, 0, -0.993894, 0, 1, 0, 0.993894, 0, -0.110341, 21.4936, 0, 61.337 )

[node name="tree152" parent="tree09" instance=ExtResource( 5 )]
transform = Transform( -0.110341, 0, -0.993894, 0, 1, 0, 0.993894, 0, -0.110341, 26.6655, 0, 63.9175 )

[node name="tree153" parent="tree09" instance=ExtResource( 5 )]
transform = Transform( -0.110341, 0, -0.993894, 0, 1, 0, 0.993894, 0, -0.110341, 24.3697, 0, 60.8264 )

[node name="tree154" parent="tree09" instance=ExtResource( 5 )]
transform = Transform( -0.110341, 0, -0.993894, 0, 1, 0, 0.993894, 0, -0.110341, 21.2149, 0, 63.9343 )

[node name="tree155" parent="tree09" instance=ExtResource( 5 )]
transform = Transform( -0.110341, 0, -0.993894, 0, 1, 0, 0.993894, 0, -0.110341, 22.7997, 0, 64.5704 )

[node name="tree156" parent="tree09" instance=ExtResource( 5 )]
transform = Transform( -0.110341, 0, -0.993894, 0, 1, 0, 0.993894, 0, -0.110341, 22.9273, 0, 64.4197 )

[node name="tree157" parent="tree09" instance=ExtResource( 5 )]
transform = Transform( -0.110341, 0, -0.993894, 0, 1, 0, 0.993894, 0, -0.110341, 19.7726, 0, 67.5276 )

[node name="tree158" parent="tree09" instance=ExtResource( 5 )]
transform = Transform( -0.496323, 0, -0.868139, 0, 1, 0, 0.868139, 0, -0.496323, 24.869, 0, 71.7041 )

[node name="tree159" parent="tree09" instance=ExtResource( 5 )]
transform = Transform( -0.496323, 0, -0.868139, 0, 1, 0, 0.868139, 0, -0.496323, 23.9911, 0, 67.9551 )

[node name="tree160" parent="tree09" instance=ExtResource( 5 )]
transform = Transform( -0.496323, 0, -0.868139, 0, 1, 0, 0.868139, 0, -0.496323, 19.8609, 0, 69.5529 )

[node name="tree161" parent="tree09" instance=ExtResource( 5 )]
transform = Transform( -0.496323, 0, -0.868139, 0, 1, 0, 0.868139, 0, -0.496323, 21.0622, 0, 70.7664 )

[node name="tree162" parent="tree09" instance=ExtResource( 5 )]
transform = Transform( -0.496323, 0, -0.868139, 0, 1, 0, 0.868139, 0, -0.496323, 21.2393, 0, 70.6789 )

[node name="tree163" parent="tree09" instance=ExtResource( 5 )]
transform = Transform( -0.496323, 0, -0.868139, 0, 1, 0, 0.868139, 0, -0.496323, 17.1091, 0, 72.2767 )

[node name="tree121" parent="tree09" instance=ExtResource( 5 )]
transform = Transform( -0.984739, 0, -0.174044, 0, 1, 0, 0.174044, 0, -0.984739, 14.6999, 0, 72.8348 )

[node name="tree122" parent="tree09" instance=ExtResource( 5 )]
transform = Transform( -0.984739, 0, -0.174044, 0, 1, 0, 0.174044, 0, -0.984739, 14.6879, 0, 72.8961 )

[node name="tree123" parent="tree09" instance=ExtResource( 5 )]
transform = Transform( -0.984739, 0, -0.174044, 0, 1, 0, 0.174044, 0, -0.984739, 10.8172, 0, 70.7445 )

[node name="tree124" parent="tree09" instance=ExtResource( 5 )]
transform = Transform( -0.984739, 0, -0.174044, 0, 1, 0, 0.174044, 0, -0.984739, 10.6531, 0, 72.4442 )

[node name="tree125" parent="tree09" instance=ExtResource( 5 )]
transform = Transform( -0.984739, 0, -0.174044, 0, 1, 0, 0.174044, 0, -0.984739, 14.3665, 0, 76.2251 )

[node name="tree126" parent="tree09" instance=ExtResource( 5 )]
transform = Transform( -0.984739, 0, -0.174044, 0, 1, 0, 0.174044, 0, -0.984739, 10.4959, 0, 74.0734 )

[node name="tree127" parent="tree09" instance=ExtResource( 5 )]
transform = Transform( -0.984739, 0, -0.174044, 0, 1, 0, 0.174044, 0, -0.984739, 10.332, 0, 75.7731 )

[node name="tree128" parent="tree09" instance=ExtResource( 5 )]
transform = Transform( -0.999825, 0, 0.0187257, 0, 1, 0, -0.0187257, 0, -0.999825, 20.7679, 0, 76.9076 )

[node name="tree129" parent="tree09" instance=ExtResource( 5 )]
transform = Transform( -0.999825, 0, 0.0187257, 0, 1, 0, -0.0187257, 0, -0.999825, 17.3837, 0, 74.0512 )

[node name="tree130" parent="tree09" instance=ExtResource( 5 )]
transform = Transform( -0.999825, 0, 0.0187257, 0, 1, 0, -0.0187257, 0, -0.999825, 16.8956, 0, 75.6876 )

[node name="tree131" parent="tree09" instance=ExtResource( 5 )]
transform = Transform( -0.999825, 0, 0.0187257, 0, 1, 0, -0.0187257, 0, -0.999825, 17.0574, 0, 75.8008 )

[node name="tree132" parent="tree09" instance=ExtResource( 5 )]
transform = Transform( -0.999825, 0, 0.0187257, 0, 1, 0, -0.0187257, 0, -0.999825, 13.6732, 0, 72.9444 )

[node name="tree133" parent="tree09" instance=ExtResource( 5 )]
transform = Transform( -0.999825, 0, 0.0187257, 0, 1, 0, -0.0187257, 0, -0.999825, 13.1851, 0, 74.5807 )

[node name="tree134" parent="tree09" instance=ExtResource( 5 )]
transform = Transform( -0.999825, 0, 0.0187257, 0, 1, 0, -0.0187257, 0, -0.999825, 13.1615, 0, 74.6387 )

[node name="tree135" parent="tree09" instance=ExtResource( 5 )]
transform = Transform( -0.999825, 0, 0.0187257, 0, 1, 0, -0.0187257, 0, -0.999825, 9.7774, 0, 71.7823 )

[node name="tree136" parent="tree09" instance=ExtResource( 5 )]
transform = Transform( -0.999825, 0, 0.0187257, 0, 1, 0, -0.0187257, 0, -0.999825, 9.28923, 0, 73.4187 )

[node name="tree137" parent="tree09" instance=ExtResource( 5 )]
transform = Transform( -0.999825, 0, 0.0187257, 0, 1, 0, -0.0187257, 0, -0.999825, 12.2056, 0, 77.8436 )

[node name="tree138" parent="tree09" instance=ExtResource( 5 )]
transform = Transform( -0.999825, 0, 0.0187257, 0, 1, 0, -0.0187257, 0, -0.999825, 8.82142, 0, 74.9872 )

[node name="tree139" parent="tree09" instance=ExtResource( 5 )]
transform = Transform( -0.999825, 0, 0.0187257, 0, 1, 0, -0.0187257, 0, -0.999825, 8.33327, 0, 76.6235 )

[node name="tree140" parent="tree09" instance=ExtResource( 5 )]
transform = Transform( -0.999825, 0, 0.0187257, 0, 1, 0, -0.0187257, 0, -0.999825, 11.2009, 0, 74.0539 )

[node name="tree141" parent="tree09" instance=ExtResource( 5 )]
transform = Transform( -0.999825, 0, 0.0187257, 0, 1, 0, -0.0187257, 0, -0.999825, 7.8167, 0, 71.1975 )

[node name="tree142" parent="tree09" instance=ExtResource( 5 )]
transform = Transform( -0.999825, 0, 0.0187257, 0, 1, 0, -0.0187257, 0, -0.999825, 7.32865, 0, 72.8338 )

[node name="tree143" parent="tree09" instance=ExtResource( 5 )]
transform = Transform( -0.999825, 0, 0.0187257, 0, 1, 0, -0.0187257, 0, -0.999825, 7.49041, 0, 72.9471 )

[node name="tree144" parent="tree09" instance=ExtResource( 5 )]
transform = Transform( -0.999825, 0, 0.0187257, 0, 1, 0, -0.0187257, 0, -0.999825, 4.10632, 0, 70.0907 )

[node name="tree145" parent="tree09" instance=ExtResource( 5 )]
transform = Transform( -0.999825, 0, 0.0187257, 0, 1, 0, -0.0187257, 0, -0.999825, 3.61815, 0, 71.7271 )

[node name="tree146" parent="tree09" instance=ExtResource( 5 )]
transform = Transform( -0.999825, 0, 0.0187257, 0, 1, 0, -0.0187257, 0, -0.999825, 3.5946, 0, 71.785 )

[node name="tree147" parent="tree09" instance=ExtResource( 5 )]
transform = Transform( -0.999825, 0, 0.0187257, 0, 1, 0, -0.0187257, 0, -0.999825, 0.210388, 0, 68.9286 )

[node name="tree148" parent="tree09" instance=ExtResource( 5 )]
transform = Transform( -0.999825, 0, 0.0187257, 0, 1, 0, -0.0187257, 0, -0.999825, -0.277718, 0, 70.565 )

[node name="tree149" parent="tree09" instance=ExtResource( 5 )]
transform = Transform( -0.999825, 0, 0.0187257, 0, 1, 0, -0.0187257, 0, -0.999825, 2.63856, 0, 74.9899 )

[node name="tree150" parent="tree09" instance=ExtResource( 5 )]
transform = Transform( -0.999825, 0, 0.0187257, 0, 1, 0, -0.0187257, 0, -0.999825, -0.745583, 0, 72.1335 )

[node name="tree164" parent="tree09" instance=ExtResource( 5 )]
transform = Transform( -0.999826, 0, 0.0187256, 0, 1, 0, -0.0187256, 0, -0.999826, 4.38258, 0, 72.2772 )

[node name="tree165" parent="tree09" instance=ExtResource( 5 )]
transform = Transform( -0.999826, 0, 0.0187256, 0, 1, 0, -0.0187256, 0, -0.999826, 0.998375, 0, 69.4208 )

[node name="tree166" parent="tree09" instance=ExtResource( 5 )]
transform = Transform( -0.999826, 0, 0.0187256, 0, 1, 0, -0.0187256, 0, -0.999826, 0.510262, 0, 71.0571 )

[node name="tree167" parent="tree09" instance=ExtResource( 5 )]
transform = Transform( -0.999826, 0, 0.0187256, 0, 1, 0, -0.0187256, 0, -0.999826, 0.486626, 0, 71.1151 )

[node name="tree168" parent="tree09" instance=ExtResource( 5 )]
transform = Transform( -0.999826, 0, 0.0187256, 0, 1, 0, -0.0187256, 0, -0.999826, -2.89745, 0, 68.2587 )

[node name="tree169" parent="tree09" instance=ExtResource( 5 )]
transform = Transform( -0.999826, 0, 0.0187256, 0, 1, 0, -0.0187256, 0, -0.999826, -3.3856, 0, 69.8951 )

[node name="tree170" parent="tree09" instance=ExtResource( 5 )]
transform = Transform( -0.999826, 0, 0.0187256, 0, 1, 0, -0.0187256, 0, -0.999826, -0.4692, 0, 74.32 )

[node name="tree171" parent="tree09" instance=ExtResource( 5 )]
transform = Transform( -0.999826, 0, 0.0187256, 0, 1, 0, -0.0187256, 0, -0.999826, -3.85343, 0, 71.4636 )

[node name="tree172" parent="tree09" instance=ExtResource( 5 )]
transform = Transform( -0.999826, 0, 0.0187256, 0, 1, 0, -0.0187256, 0, -0.999826, -4.34155, 0, 73.0999 )

[node name="tree173" parent="tree09" instance=ExtResource( 5 )]
transform = Transform( -0.999826, 0, 0.0187256, 0, 1, 0, -0.0187256, 0, -0.999826, -1.47398, 0, 70.5303 )

[node name="tree174" parent="tree09" instance=ExtResource( 5 )]
transform = Transform( -0.999826, 0, 0.0187256, 0, 1, 0, -0.0187256, 0, -0.999826, -4.85814, 0, 67.6739 )

[node name="tree175" parent="tree09" instance=ExtResource( 5 )]
transform = Transform( -0.999826, 0, 0.0187256, 0, 1, 0, -0.0187256, 0, -0.999826, -5.34618, 0, 69.3102 )

[node name="tree176" parent="tree09" instance=ExtResource( 5 )]
transform = Transform( -0.999826, 0, 0.0187256, 0, 1, 0, -0.0187256, 0, -0.999826, -5.18443, 0, 69.4235 )

[node name="tree177" parent="tree09" instance=ExtResource( 5 )]
transform = Transform( -0.999826, 0, 0.0187256, 0, 1, 0, -0.0187256, 0, -0.999826, -8.56851, 0, 66.5671 )

[node name="tree178" parent="tree09" instance=ExtResource( 5 )]
transform = Transform( -0.999826, 0, 0.0187256, 0, 1, 0, -0.0187256, 0, -0.999826, -9.05669, 0, 68.2035 )

[node name="tree179" parent="tree09" instance=ExtResource( 5 )]
transform = Transform( -0.999826, 0, 0.0187256, 0, 1, 0, -0.0187256, 0, -0.999826, -9.08024, 0, 68.2614 )

[node name="tree180" parent="tree09" instance=ExtResource( 5 )]
transform = Transform( -0.999826, 0, 0.0187256, 0, 1, 0, -0.0187256, 0, -0.999826, -12.4644, 0, 65.405 )

[node name="tree181" parent="tree09" instance=ExtResource( 5 )]
transform = Transform( -0.999826, 0, 0.0187256, 0, 1, 0, -0.0187256, 0, -0.999826, -12.9526, 0, 67.0414 )

[node name="tree182" parent="tree09" instance=ExtResource( 5 )]
transform = Transform( -0.999826, 0, 0.0187256, 0, 1, 0, -0.0187256, 0, -0.999826, -10.0363, 0, 71.4663 )

[node name="tree183" parent="tree09" instance=ExtResource( 5 )]
transform = Transform( -0.999826, 0, 0.0187256, 0, 1, 0, -0.0187256, 0, -0.999826, -13.4204, 0, 68.6099 )

[node name="tree184" parent="tree09" instance=ExtResource( 5 )]
transform = Transform( -0.999826, 0, 0.0187255, 0, 1, 0, -0.0187255, 0, -0.999826, -12.2462, 0, 67.6544 )

[node name="tree185" parent="tree09" instance=ExtResource( 5 )]
transform = Transform( -0.999826, 0, 0.0187255, 0, 1, 0, -0.0187255, 0, -0.999826, -15.6304, 0, 64.798 )

[node name="tree186" parent="tree09" instance=ExtResource( 5 )]
transform = Transform( -0.999826, 0, 0.0187255, 0, 1, 0, -0.0187255, 0, -0.999826, -16.1185, 0, 66.4343 )

[node name="tree187" parent="tree09" instance=ExtResource( 5 )]
transform = Transform( -0.999826, 0, 0.0187255, 0, 1, 0, -0.0187255, 0, -0.999826, -16.1421, 0, 66.4923 )

[node name="tree188" parent="tree09" instance=ExtResource( 5 )]
transform = Transform( -0.999826, 0, 0.0187255, 0, 1, 0, -0.0187255, 0, -0.999826, -19.5262, 0, 63.6359 )

[node name="tree189" parent="tree09" instance=ExtResource( 5 )]
transform = Transform( -0.999826, 0, 0.0187255, 0, 1, 0, -0.0187255, 0, -0.999826, -20.0144, 0, 65.2723 )

[node name="tree190" parent="tree09" instance=ExtResource( 5 )]
